InputGenerationTime,0.017252019999432378
ProfilingTime,14.087447841999165
SimulationTime,7.489015945999199
FramaCExecutionTime,60.60703700900012
TotalExecutionTime,511.6417973280004
